111. INDEX LOOORUM.

(Pmnnns)
(Nem.) 4, 63 sqq. 1373
82-85 1307
10 10001
9,6 11183
39-42 1309
1019100. 1373
1011110. 1,37 11510,3
fr. 102 Β. (137· 80711.) 1170
senon. in Olymp. 7, 81 11334
10.000001
{mens vide Cicero Ep. ad fam. x
mo
Aleib. 1 P: 35, 34 80111. 0195840*
1471
ευωω nm
010000101
111).56,88.(1400) 1477
1411018001.
1000010
000010
000*10
59,3(380) 11393
[Α110011.]ρ.508,14Βο1111. (3650)*
11308
0111011111. 0111000110
0111471. p. 53,8Β. (40700) 11 305, 33.
0000103
1000101
000010
&m mmfflwwnw
79,3(500) 11384
Epist. vn (3365) 11377, 3811.
111111011000010310* 1508
00000*101
15‚23(282b) 149ε,111.
000010
- 000010
3000 00
33 ,15(294(1) 11391
000010

0,0001ωο1“

000010
000000
4ufflm mm
111111111111111010001101
Gorgwpllsffl'la) 11397
0000000
0000003
4,4(44901) 1477
5,1(449ἁ)* 11393
8000100
3000 mm
0000101
000000
00000
1000
< 16,25(4580) 114

fiw

fflfflffl
(Gorg.) 1118190595) 1472,1n.

20,33(4610) 1506
1000 mm
awfflm 00,0
0000100
0,00010
4ᾙΜον)ωο
47 ,29(4790) 11295
51 ,2(4810)ΙΙΙ 117
0,00οω
58,18(487ᾶ) 11366, 39
mmmmm
000010
65,39(4920)* 1493
66,15(493b)‘ 117

74, 6. 16 (498 a b)

1495, 3011.
000001
79,10 [119, 14Bk.] (5010)

11309
80,11(5035)* 1193, 3111. ·

0811376
93,35(5110)* 1507
95,38(5130)’ 1491496
97,30(5140)* 117
0000101
100000
1000000
106, 34(5310)* 11 9
000010
107,37(523 )*1507
000008
1000000
0,0001ω
mmmmmu
10,000001

1110111000 11310111) 1108. 01

1103815) 11379
11038101 11380
3,1(38111) nafis-876
3,3(33111) 11330
3,4(3810) 11380383
31033310* 11380
3,31(38311)311369ἲ.390,311.
0383
3,31-30(333110)*
11377. 379
33103830) 11389

1000 ww

000010

. 3,18(3830)’ 1138700.

mwmwmffisso
0000 mm
10001001

, 1,11(1111) 11110

0000109

 

