612
Cum vide Vergilius
0111111111
debono pat. 2 (1391Η.) 11 120
ad 00110111111163581111118

de mortalit. 25 (1313Η.) 11 119
de opere 011 01111116613182706)

0111111101
de 0101011111*
101111*

0111011111111
in Aristogit. 1 27*
de 001. 286
de 11111 legat. 136
11 Mid. 72*
Olynth. 1126 1424
1113 1422
14 1424
16* 1423.424,19
in Phil. 120⁸ 1206101.
113 1427
1113111). 26411166. 11465

1111111111 vide 0011111161 161.

11111111
1113,27(11).89,2Μ.)*

D10 01111111
hist. Rom. 1 p. 20, 21811. (1 p. 69, 16
Boias.) 11 100

010 01111011011111
or. 1 6* 11169
11 8 11 170
69 11179
111 64 1 196, 2011.
104 11170
1v 49 11164
105 11 113, 141.

11 394
11 396

11269
13161411.
11470
1139

111111

113 11209
11 57’ 11170, 3611.
101 11164
11 170, 3611.
1176, 2611.
117, 21
11564
11670
11669
11664
11570
xm 71128 11170361.
1111111 111,261.
78⁸. 111111 66* 11170, 361.
11111 61 11669
1111111 36 11666
11. 6 1110,1611.
111 2 11668

“’ 11112*

11112*

ΠΙ. INDEX LOCORUM.

(1³10 1111101101111)
(01.) nvn 12 11666
11118 111, 261.
mm inf 11670
1111111. 11116. 1111111
11666
1110101111
bibl. hist. 1 2,3
76,4
1111,2
40, 4*
11486
111743
111791
11111187
114621
83,2
11113
1111117,5
111οο1111 11111101
171 118
117,11 11335, 331.
1111,4 11508, 3611.
1110111111 1111101111.
111. Rom. 19
1162
1119

1116, 111.
1113

1148
1196, 2011.
11224 ·
121, 711.
1113

1113

11336
1105, 211.
1161

11183

1148
1176, 251.
11162
1120
1179,2011.
11209
11162
11162
1200, 1411.
1441
11162
1441
17 1139, 371. 41
24 1141
28 11162
111 2 11210
111 exe. p. 2341. K. 11163

0101111111
1113111111). 3111011. 1340, 171.
p. 11116. 11111*
11 336
Domus vide Terentius
1111161911). lOWessn.⁸1 141, 18
Verg. p. 6810. Rff. 1 391, 11.

3111111

111111. 4416. 4910.
(l.I‚xxvm)V.’n 247, 361.
107(1.Ι,1,1111) 1326
160 (1161)* 1139-42
1111117111· 1111101.

1641131161). 243sq.

(1. Π,111) 1366171.
2621191116* 11496

 

