III. INDEX LOOORUM.

(Ovmms) (Ovmws)
(ars amat. 1) 399 sq. 1966 (1111111) 331 sq. 11242
11 161 1368 331-334 11 101
431 1 298 331-339 11 96
729* 1 141 363-366 11 101
111 311 1219 419111. 421-429
112 1363 1196
16111Ρο11012, lsq. 1181 483-486 11101
3111, 1199, 3611. 481 1192
613111* 11236 491-493. 496-491
111399* 1188 1196
99-104 1186 543111. 1189101
· fasti 1 111* 1388 610 1196,2211.
69 11100 686-681* 11261. 263,18
15-89* 181. 84. 6491111. 1195
104, 2911. 683sqq. 1196
121111* 1191,2111. 861-862 118611.
161-160 11104291. 949-964 1185. 89
191-211* 11 102- 106 v lllsqq. 155
219 1192 149-164. 209-211
269 1149 1196
219-290* 11 83111. 263-266. 321-323
316111. 1192 1192
469-411 1194 316-318 1185
11196-201* 1189-102 626 1192
221 1191, 2111. 696-699 11 85
235111. 11 101 613-616 11 94
219-282* 1191 681111. 11101
283-286 1192 10111, 1196
393 1193 w 9-11 1196
436-431. 443-445 16111. 11101
11 94 105-101 11 96
463 11 92 113111. 11 92
491111. 11 94 166 sq. 11 101
663 1191,2111. 169-111 1192
619-682 1194 20611111, 1196
103-106 1194962211. 212 1192
158* 1181 21911111. 1196
111 183 sq. 1192. 103 269-216* 1198
236-244 11104,2911. 283111. 1192
263-266 1194 296-298 11100
296 11 96, 2211. 411-419. 496-491
295-900 1194 1196
384111. 1366 661111. 1192
396-400* 1191 604 1191
661-669. 581-683. 669-611 1196
661-610 1195 731-142* 1198
123-126 11101 161111. 1192
166111. 1192 801-808* 1186
119-182 1110311. heroid. 2, 69 11433
199-801 1196 3,80* 11262
881111. 11 103 116 1 302, 611.
11136-138* 119111101 166111* 1118, 2611.
186 1191,2111. 118* 1111
216111. 11 101 8,16 11140,2411.
906 sq. 11 103 10, 139111* 11 190
306-313 1196 1139111. 1219
306qu 1186 18, 12 1 298

40*

 

