111. INDEX LOCORUM.

(T- Imus)
126 (1111) 57, 6
1352 60
1351,1011. 61, 3
1463 61, 10
1138 11111 17, 10
1463 18, 9. 29,5
1190.100,27 34,4
1150, 2111. 37, 2*
11297, 911. 42, 13*
11 38 mv 4, 4
11 41, 21 13, 2. 22, 5
11 39 22, 14
125 28,6
130, 161. 45, 2’
1467, 2011. 48, 7
1352 xxv 7, 11
1467, 2011. 14, 8*
1467, 2011. 14, 11
1150, 2111. 15,16*.16,19
1137 23, 15
11 123 26
1467 38, 16
1352 38, 18
1137 39,7
1354 xm 7, 6*
11 228 8, 6
1452, ln. 13, 9*
26, 4. 32, 15 1354 13, 17
38, 6* 11 190 15, 4
40, 16 11 155 17, 13*
vm 0, 4. 10, 7 1354 24, 2*
24, 18 125 27,12 ’
11 30,1 1217, 2911. 28, 7
x 7,8 1467 29,10*
10, 7. 19, 7 11138 39, 23*
22, 2 1132 41, 14
35, 19 1217, 2911. 45, 5
40, 12 1462 11111 l, 14
· 11111 19, 9 1454 8,5
26, 1 1455 9, 3
26, 3 1457 10, 2
32, 5 1144 13,10.15,7
32, 10 1452 · 17, 2
48, 4 1448 20, 3* 11297,911.
50, 7· 1462 26, 5 1460
50, 8 1455 28, 3* 1464
52, 11* 1461 29, 10* 1467
56, 1 1455 33, 11 11523
61, 1⁸ 1452 34, 7 11130
11117,14 1455 38, 6sq. 40,1 11521
14, 14 1463 40, 2 11523
30, 6 11 138 40, 4 11463
38, 13 1455 40, 6 11521
39, 3 1467 4210 1145
39, 6 1 28 , 11 521
39, 18 1455 , a 11522
53,7 1453

 

