111. INDEX LOOORUM.

(1111311133) (11111111111113)
(Rau.) 1304 sq. 11 97 9, 94 n. (vesp.) 1086 1440
1397 1961, 9311. 1117-1119*
1397-1401 1960, 9611. 11308
1399 11443 1183 11303
1407-1410* 1968 1199 11309
1333 1333
1417 1987 11437
1491 1986 1964 1976
1496111. 1961 1967* 1971
1431-1433* 1969, 1411. 1993-1996
1436-1463* 1 968-963 19691411.
13333 ’ 3331 ww 3331
66* 11300 1369-1371
133 um 131·
77111. 11980 1377111. 11438
3 33 33 3331
89 11976 1396 1981
906111. 11 989 1431 1969, 1411.
910 1977 1486 1496
33 1331 33 mm
969 11979, 9011. 1609 1988
390* 1990 1619 1977
636 19731011, 41131111. 31111111* 1160111609
617 1976, 1911. Plut. 11609, 1811.
740 1977 1011111. in 1111490* 1406, 91
778111. 11610 17111668* 1969
mm 1mmm 13 133
33 33 33 33
31 13 13 1331
33 33 31 33
Vesp. 10 1968 . 786* 1970
31 nm 1333333331
931 1979 1111111* 1966, 9911.
988 11303 1086* 11307
394111, 1931, ln. 1167* 19691611.
346-348 1197697631. 1437*. 1440*. 1469*
m 333, xm
13 31 7313 1333
m 333. 7331 33
m 33 31 3331

459 1261‚1n. 1111311133 3111111133

{gg-⁴⁸⁶ 13311. 1111111111- 1111

31 nm 33331
333 13 33 33133*13
31 11305 decolor. ap. 113133* 13
3333131 333331331 3
31 1331 1333333
31 31 33 33ω333
13 33 31333·ω3
13 3333. 313333331
m 33 1333131
m 33 31333
33333 333
1333 mm 111333 3
31 33 133111
ww 1331 3133111

 

