(Ρ11111111111)
(perid.)
Pomp.
Thes.

am
11
mu

III. INDEX LOCORUM.

11 537
11 563
11 385

w mfflnmffl

Pomm 17
onom, 11 128

Ρ511111111
hist. 1121,2
111 96,13
108, 6
m 15, 8

11244. 385
11210 ’

11 209
1200, 1411.

11 209

11 228

Poncms 11511111 vide Suetonius

PORPHYRIO vide 'Horatius

Ρ1111111111

inst. gramm. 11p.11lHertz‘

1218

v1p.209,14*11484sq.
p,.229‚1sqq.

11457, 3411.

11117010 11405

Ρ101111
17113. p. 53 Rff.

Ρ1511111111
1 2, 9-11*
3, 43*
4, 5-7
9, 30-32*
11, 1*
11, 9-12*
17 , 25111.
18, 5111.
18, 17111.
11 1, 35-38*

164611*
17, 3. 18, 8
18, 37
21, 16
243511.

. 25, 23-26*
26, 25111.
28, 1715.
28, 25 sq*
31,8

1391,111.

1356

11 252111.
1356
11253311.
11541
1361
1122 0

3,3 n.
1311114822811.

1357,151.
13 9
1170
11541
1351, 1011.
11232
11198.200,9
1120,0
1251

1385
11540

1350
11540
11253

1118
11253
11191, 311.
1362
11191, 31.
11499

1356
1120,6

GM

(9101111111)

(11) 32,15
32, 351111,

111 7,10
8, 1-4*
8, 1-20*
8, l8sq.
10, 16-18
11, 15-21*
11, 47-70*
11, 61 sq.
14, 11-16*
15, 34
16, 25-30*
17, 5-8*
19, 1715.
20, 7

11 1, 77. 121
3, 43111.
4, 39 sq.
4, 48-50
4, 54
4, 55-58*
4, 64
6, 9
6, 6311*
7, 2915. 3315. 1111
8, 50 11253
11,33-36’. 68 1111

4011111111111

Ι inst. or, prooem.'1 149
11,5 1146
zu1m
1114111313

91111111 vide Euripides

9101151111 An 1111111111 vide
19610

3111111111
Ι lug. 31‚5 119
1 11 mm
3 1111111111, (or. Lepidi)
6 11 118

11 253

11 72
11419, 1111.
1 357

1 143

1 356

1 356

1 356

1 348

1 309, 37
1 238

1 450
1351, 1011.
1 361
11536
11 241

1 364
1298

1 358
11 49

1 364

1 142

1 450

’ 1358
1 109

Ι
!

nmffln

111 fr. 48 Μ. (or. Macri) 13

ἰ u
1 11118

Sumo
Ι fr. {ilquglz⁴ 11229, 21

ωηπ

³ 8111115111 1111101111 1111111111
1111111 1111111111, Hadn'nn. 2ο, 11
ῃωωψ 1ffl

8111111 mosomus
dial. 1, deprovid.1‚4 1131
111, deira 111,2 11238

1 ηὼωωηυηωω

 

