111. INDEX LOOORUM.

’ (memoramus) (4111101111111)
(1711111191 11111111. (Pax) 1198 1111

304 1490, 93 1991 1979, 3111.
867 1440 1990 1979
440111. 11989 , Plut. 960 1199
484-487* 11968 5051113 11519,1611.
489 11443 534 1178811.
577. 685 11306 554 1 916
595 11809 97613. 1136
798-780. 991111. 97013. 1046111. 11438
11438 1076 11973
973-977* 11999 1086 11309
1046111. 11963, 1711. Rau. 39 1988
1177111. 11438 68-70* 1999181987
Nub. 186 11976 75 1916
918 11443 111 1987
336 11301 118 11930
849. 366 11443 13811111. 1907
36715. 11487 146-168* 1955, 9911.
370386 11443 165-169* 1986111.
663* 19669611. 178111. 1987
664 11443 179-184* 1989-988
746 1977 189 1907
769-779 11443 909-906’ 11306
799 11309 965 1989
800 1971 973 1988
847 11976 975319 1907
870-879 11989 438 1988
88911111. 11988 473 1440
908. 940 11443 510-515 1 10, 811.
1007* 11986, 1011. 699 11438
1096 11983 536-540· 11308
1198 11613 640163. 1957
1939111. 11437 677 1987
19641996 1979,3111. 703 11305
1339111. 11978,1711 838 11306
133615. 11439 865 11975
1338 1979 8991113 1967
1377-1330 11978,1711. · 903 189
1468111. 11989 911111* 11809
1483 1961, 9311. 939* 985 1965
Pax 16 11979,9011. 937-954* 1965. 958.
69 1441 969,19
910 11975 964-967*, 967-970*
381 11305 · 1957
406 11988 971-991* 1963
643111. 11984 990111. 1974,1711.11985
698-630* 11978,1711. 1006-1008*11969
081977 1015 11809
639 11303 1095 1986
683. 686 1974, 1711. 1065 11998
⁴710qu 1973 1069 1957
978 1977 1074 1983
1049 1976 1078111. 1990
1055 1977 1083-1088* 11 306
1079 1969, 1411. 1161-1159* 1969, 1611.
1140-1163* 1989 1190-1199 1979
1177 1966 1909 1988

 

