111. 11111111 1010111111. 619

(Ηο1111111) (Ηο11111111)
(Od.) 11187 11510 (111111,111)14,17-21 11571
125111. 11279 20, 3111. 1335, 28
204. 244 11183 ’ 21, 24* 1177
319-321* 11234 24, 25* 1331
· 1111405 11169 33-44* 1332
511111. 11 240 , 59111. 1357, 1511.
111384 11182 &mv-64⁸ 1328
508. 513 11183 28, 5 131, 2511.
x 551 1213 11 2,1 1331
111 10 1 179, 1 49111. 11277,3811.
, 387-389 11225 4,37-76* 11517-525
576. 582. 593. 601 39-44* 1298. 301,13.
1479111. 11186
631-634 1483 6511111. 11 50, 311.
1111 63 1139 6, 26 1344
95-97* 11 234 8, 22* 11 409
1111522 11184 13,’18-22* 1144
111113* 11225 14,1-6* 1332 ,
117-119 11240 51111* 11225
111375 11506 3311111. 11520
11111 111111. 1290 1111111111. 61-64 1438, 2111.
397* 11 186 62 11 136, 811.
501* 11183 epod. 1, 5-11* 1333, 33
11111 20511111. 11 181. 230 16 168, 311.
226 11510 2, 37111. 1144
494 11182 62 sq. 1340
xx 267 11 184 3, 9* 11409
11111425 11136,811. 9,23-26* 11417
462472 1 11159 11,5111.* 11572
111111 21 11225 12, 5 1386, 1911.
60111. 11136,811. 15* 1213
65-76 11493 14, 7 1 120, 4
107* 11512 15,4-10* 13861911.
1111111111111101119111112071425 11572
’ 1621111* 1173
Ηο11111111 . 1110111. 1164111.
1111111316 1327 3011111, 11571

111-11· 1111 11-41* 1111
11-11* 1111 11-11* 11111

1, 11 11411 111. 1 1, 111-111* 1141
11, 4 1176 2, 7-15* 1342
12, 3-20* 1 333 3, 911111* 11 186, 911.
15, 23-26 1328 32111, 1 134, 1311.
27, 21111. 11573 76111. 11573
29,11-16* 1332 4,1 1145
32, 3-9 1328 9 1213
1344 5, 32111* 11571
1 344 71* 11572
1331 6,1111,* 11225
1176 52 sq. 1334, 16
, 110, 811. 57-60 1347
1111-11* 1111 ‘el-75· 1141
16, 14sq.* 141 1 7, 19111, 1134, 1311.
111 4, 45-48 1176 23-25 1340
1344 10, 24 1145
, 1146 111,4 1213
6, 21-26* 1335 12-15 1331

 

