636 111 11111111 1010111111

(Pmnws)
(Poen. 111) 1,66-68(569-571)*
11427
11111151. 11111
6,89(702) 11574
112,13(885) 1222
12,11(971)1(). 11574
1111111111. 11111111.
6,29(1366)11).11414
Pseud. 13,24(254)1().*11575
3,84 (818) sq. 11572
4,8(833) 11155
4, 17(410)sqq. 11 416
1112,87(877)* 11571
111,11-11(1111-1111)
11435
. 12,15(108) 11573
1111111) 11111111.
11111111) 11111
1111111) 11111
111 3‚26(688)sqq.*115‘12
4,62-65(767-770) 195
6,46(884)* 11571
111,11-11(1111-1111)
11488
11111111) 11111
1111111) 1111
11,21).3(25.3)11572
l‚9(9)sqq. 11573
2,25(73)’ 11572
111 1,31(435)1(). 11414
112,39(613) 11540,3411.
’. 12,87(124)1().*1113
111114) 1111
1111111111. 1111
111,17(243) 1130
1,20(249)* 167 Α
1,64(270)* 1128
2,103.105(384.386)
1142
11111111) 1111
1111111111), 1141
1111111) 1111
11111111) 1111
11111111) 1111
1111,7(808)1(). 11572
111111) 11111
111,16(835) 12222411.
1111111111 11111
Tmo. 11‚58(77)sqq.* 158
11228 283) sq. 11574
111111 11111

1 1
113,57(831)’ 11573
4,32(885)* 11353
Ρ111111111111011
nat. 1111111111. 24 11336, 8611.
111 11111111.
146 1412

)(Ρ1111111111111111)
, (111, 11111.) 11111 11111

11111173* 11143,1811.
1111123 143, 3211.
1111115 11416231.

Ρ1111111 mon
epist. 1 18, 4 11228
113,4 11228

¹ Pmmcnns

mor. p.

231111 aud. 1111116)
4311111111. 111111.ΙΙ 1283
11563
561⁹(deadu1. 18) n 863
8811. 835 (1111111111. 511.)
1151 (ad Ap. de amq. 27)*
115d(ibid.)* 11121
2331) (apophth.Lac.‚ var. 17)
3671 (de Is. 11 01111444)
18511571
4ο11(11Ρ)11111.11)
4141 (111 def. or. 81)*563
11135
4121651628) 11563
4351611111. 46) 11563
43361111 virt. 1111141111. 3)
111111.
45811111 cohib. ira 10)⁸
4681(111111111)11.14111.975)*
11564
1111111111)1 11111
11111111. 11)* 11111
507111118ωώ. 11)
514b(ibid. 22)* 1116111
51911(11111111“οε. 3)*
11195
7321(111111111. g. r. p. 17)
79516516. 28) 11886

61111111. 13,4 1441

Oon'ol.

20,4 11384
24,4 115

24, 5 = 1 443

13, 2 11388511.
82,7 184

1111111. 5, 2.7 11386

111 11111.

Num. comp. 4,5 1146
ΡοΙορίά. 28,2.35,411563

Pericl.

5 11385
- 12 11886

 

