(8611111116
(Hercul.)

223
224111.
266. 277
278
296111.
316 .
317111.
329

333. 343
367
430-433
439
4421111.
461-466*
461-469*
464

646
ωμω
m4w

III. INDEX LOGORUM.

11 62

ι 139
11 67
11266

1167
11 266
11 66
&mmm
11 66
1174 0
11 18. 66 3
11 66
11 66
1162-67 .
11 67 ’
11 71

466111* 1166. 66, 13 cf. 269 j

11 266
11 68
11 66

490--496*Ι 1167-63. 261

492111.
496*
614-618*
616-619*
620-622*
624*
62611.
631*

637*

643
648111*
668-661*
666

667

1166 Ι
11264, 211. 1

’ 11440

ιι 69
1169
ιι 71
1166

(Hercul.)

1171 0 .

1166 Ξ

1 199, 2911.
1166,2711. :
ιι 639
ιι 71
ιι 67

67481677. 680 1166

6861111*
606 ,
617*
622-636*
66011111.
662

696
701-706*
702111.
726-731*
749-764
771*

816

836
839111.
846111*
862*
861-866*
86411111.
872

873

1171
ιι61,64 ,
ιι 69
1117
1171
1177
umam*
1166 1
1178
1176
1126001268 1
1171 ’
1176
1174 1
1169 of. 266 1
1171
1172
1177
1174
1177

1
1162 Ι
ἰ
ι

(3111111111)

876-909*
878
880
926
938*
982

θῶ

ιι 76-78
11 76

11 77

1166, 2711.
11 71

1 139

998111* 1002111111*Π
11

1009sq.
1020

1039

1074

1076

1094
1101qu
1106-1108*
1111-1116*

11610
1177

ιι 182
1174

1167

1171
116961. 71
1163

1178

. 1174. 79

1169-1162*
117361*
1182

1189

1196*
1198111.
1202
1213-1220
1228
1231-1234
1232. 1236
1269

1263

1284
12961111.
1303111*
1308
1338111*
1360-1364
1367
1376-1386*
1392111.
1399111.
1400

1403

1414·
1423111.

1171
1166-68 -
11 297, 911.
1174

1171

1164

1166

ιι 18

1166

ιι 70

1166

1170

ιι 67

1174

1167

1468
1169

1174
11163, 1711.
ιι 71

ιι 74

1171

ιι 66

ιι 66

1170

ιι 71

1161

1170

10111. 61-63 1320, 3311.

66-72*
109111.
ltu—154⁸
286

346
36911*
368
663111.
804

828

Η9Μ1
11 61
1202, 11 11.
1216, 411.
11274, 7
ιι 229. 234,8
1427, 1311.
11 182
11 263, 2411.
11 182

 

