111. INDEX LOCORUM. 617

(3011111918) (2181118) ·
(Suppl.) 914 1161 ((181.8.)11.170(166),28* 11496
960-962* 11195 188(177),17 11253
9811948 11181 1181191118 1111141.
1114111118-1119 1891119181 111915
11403 274(218),10 11335
1155 sq. 1117 324 (249),28*1 118.413,27
7109112811. 12021111. 340(257),16 198, 3011.
118-181 1911191. j Δ 9195191111181811.
198599) 1119 9185115 11985
418811. 11 17 386(278),9.1511410, 2311,
498 11899 9118518111 11411
141-141 1191111. 9941181119 11111911.
749-751* 11195 306(285),5“Ι 1190100
8191111 11188 49458959 11995
1085 11 303 466 (318),16*.488(330),33*
1133-1155 1420 1222
118111. 11999 49959411 11199
1191-1191 1419 1194589119 1411
= 119811* 11841111 5041999189 11411191.
1320141. 1117 574(376),1* 1142
. 9869111. (1119111991) 11111118
Ι111 119111151411.) 11111
131 (Andromeda) 58, 30 (8³‚2)* 1148
11198 11985911) 11199
191511111111.)*11119. 181 8921111921) 1199
8111111111) 11189 1111411559) 11119
9991011115* 11191 1411955111) 11118
392(Τ51815.) 11191311. 261,13(212,7) 11137
411 (111* 11189 1811951118) 11118
420 (ibij.) 11 256 497,3(335, 1) 11 100
5155101063.) 11473 539,9(357,5) ’11242

134 (2111111115.) 1115,11 1111911118
793(Ρ1111001.)* 11932911. 1111514014 1463111,

812, 'c' (Phoenix) 11266 11 13, 14 11 124
8685115195.) 11 18, 32 (1111111108,
11111808 910 1158 n. Att. 19,8 , 11200
411 (422)8(1. 1294 24,4 11410
511 591). 554 (595) 11111 11335
1113 11139* 11397
658811* 11 64 11 (vn) 2 11335
938-940 1173 5,7 11140
41110011. 01981. p. 136, 6. 12 Κ. v11 (v1) 8, 5 13651111
11502 11 16, 1 11335
senon in Hec. 200811. 11206,1911. x15‚b 11335
31911366* 137 6,3 1127, 2511.
01911115* 11508 1112381111* 191
441 (1 p. 1111111. D.) xm 25 11 115, 711.
11280 xlv 1, 3 11 123, 12
2118111108 6,3 11111
111191115811111151.1514511005 1121 1111, 811.
11115,711. 1111121 11335
2581111108 vide Homerus 11111914 1122ss
Η1011111118
218108 fragm. 353M.* 11269
dev. sign. ρ.146211.(15451.),14 111111111181151
11 119 schol. p. 29119181. (226, 13 Consbr.)⁸
146(154),20 11 128 1441

 

