634

(21110)
(31111110) 18 ,*9(184ο) 1497-604
19,60861,)* 11366
19 2808611) 11379
20100861) 11367
Μ10001Μ3
2018100861)
11373
1ΜΜ6Μο
21 2308811) 1496
ΜΗ1ΜΜΜ 101
Μ,ΜΜ61Μ
90 2609311) 1496
mmmmmffimff
ιΜΜΜΜΜ
ΜΜΜΜΠΜ
34260971) 11383
ΜΜΜΜῙΠ
36020981) 1496
36,191(1(1.098ο)*
1482111.
39300011) 1484
40 ,8(2011)) 11366
62,*12(2101) 1496 2911
Μ,ΜΜο*1Μ
ωΜΜΜμω
,19 160161) 1441
Μ,ΜΜ111Μ
62 2601811) 1498 2311
63 13121911) 1443 2011
θψΜΜ ηπ
Τ11111111113108 04311) 1606
9,14(1481))* 118
1ΜΜΜ* mn
1113111111111Ι
16040620) 11372
1100001Μ1
24,1060(1) 11364
28806011) 116
ΜΜΜΜζΠΜ
29‚wpmp*1fflw
29 2206111) 11364
ΜΜΜ111Μ
39 2006911) 1484
11,Μο06 mm
46‚3(173d) 19
οΜΜ111ΜΜ
66200806) 11441
01000)111
66608611) 1476
80,1809711)* 1607
ΜΜΜΜιΜ
ΜΜΜΜΠΜ
97340090* 1110
Tim. 1122661271) 178
ΜΜΜΜιΜ
811110111101111. p. 63,12Β11.(40711)
[p. 37οΒ11.]* 11 206

111. INDEX LOOORUM.

(Pmo)

gom in)
0131)67,108.(48611))Π.3160311][ρ.

Rom publ. vp. 227, 6Β11 (4661)
0.ΜΜ1 ιΜ,Μ
10.Μ,ΜΜΜοΜΜ.]

ῊΨΜΜΜΜο.’ΜΜ.]

Ρ11111111

3111111111 2,7(637) 11672
2,38(670) 11666
11, ,20-22(1072-Ξο74)*
11 14
Asin prol. 1000)* 11411
11,14(29)* 129
1, 77-82(90-96)*
1121-24 “
111,14(262) 11644
226091) 11414
24213081* 11 24
4,89(494) 198
111 3,23(613)* 1124
3,67(647) 11 28
3132022) 11 22
3,140(730)* 11673
Α111111. prol. ,
1303) 11673
31.34(31.34) 1142
11 1‚36(158) 1142
2,42.47(219.224)1142
2,84(262)* 1128
7,6(367)11(111.* 1161
111 6 ,33(607) 11 674
6 ,60(686)* 11673
117 091700) 11423
Β116111111,64(97)* 1113
11 2401218) 11666
3, 76(310) 1 106
111 6,16-18(646-643)*
118
112 7,(689)* 1 109
4,106(767)111.* 1108
,Caph 1276079) 1144
11 ’7,7*(327) 11673
3, 39 (399) 11673
3,66(426)* 11462, 611.
1111,27(487)11(1. 1124
4,41(673)111. 11674
11266036) 11226
2,90(870)* 11297,911.
12,2(966) 11674
2,24.3,1(977.978)4
11469,2311.
0111.1)1ο1.10 116, 22
46 1222, 2411.
11 222093) 11673

,λ

 

