614 ΙΠ. INDEX LOGORUM.

(6111111111) (8111111111)
(Α111110111.)554-557* 11194 (11111111111-1111 1868
703 1325 1092 1156
870 116 1163111. 11182
943111, 11162. 277, 3811. 1304(1308)111. 1290
1093 11308 1327-1880 1180
1219 11 17 Heo. 20 11 182
1285-1287 11258 · 334111. 1117
800111. 1 78 370111. 11258
1064 1199, 2911. 508-510 1419
- 1259-1262 1174 538-541 11245,2911.
1297. 1326 1 195, 2011. 604-606 1419
119(121) 1113 667111. 11230
266 1277 726-781 1410
84-42* 1378 736-738 1372
54-68* 1337-378 850 1825
64-76 1368111. 872, 24. 894-897Ι 1420
377, 11 968-972 1166
77-81 1370 1019111. 11245
86 1440 1025-1027 11256
111-111 1111111111.Ι 1111111* 1111111111
374, 22 1080-1084* 11194
112-124*1370111.872,26. 1099-1106 1117
873,19 1195-1198* 11268
118qu 1879118384 1240 1199, 2911.
125-139 1871.372,26 12506272) 1113
14011111* 1372.375,14. Hel. 16sq. 11188
379. 384, 89 165 11440
144-150* 1378 260-268* 11194
111 111111 111 1111
151-168* 18741811182 ’ 48511111. 11459
159-166* 1374 479 14251411.
184 1440 561111. 11162,1411.

188* 1440 Ι bea-573⁸ 11489

239 1440
283 1165 716 1325
309 1877, 15 716-719*Ι 1125111.
408-419 1368 914-917 1210
420-431 ’ 1368 954-956’Ι 1373
482-437 11223 1271 1178

484 1178 1627Ι , 1427
487-502 1368 Η11111111.433111.* 11260
505 (506) 1292 482111* 115, 1311.
101-111 1111 111111. 11111
5711 1292 574-576 1161,511.
679 1384 743111. 1163 ,
762-764 1321 75511111* 1427,1811.
765-768* 1164 816111. 1163

782 (78611111. 1296 Hercul. 1171

870 1440 . 1155
880-889 1368 1162
890-899 1368 71 sq 113911195

898 (300) sqq.⁸ 1295 73-79 1168
914111. 1156 91111. 11258
965 1178 105111. 11260111.
1011-1050 1368 ¹ 140-143* 11267
1016 sqq. 11168 3 171 1162
1041-1048 1321 · 203 1171

686111. 11 165

 

