III. INDEX LOCORUM.

(211410) (Ρ1110)
(Iaeg v11)p 28 ,9(9996) 1501 (Meno)
0,00000 ι1111001) 10
35 ,14(8051)) 1496 148 3(991)) 1500
44 230100 1501 Menox.
40 ,15(811011) 1499. 501 p 92103.(2351) 1500
0’00010 0,000* 00
0,000101 , 0,000 10
1000 00 0000 00
06,11(816 0) 11360 l 96,21(2391)) ' 11364
18 4(8190) 11396 y 99,9(24111)* 11364
0000101 1000 10
00000101,1 00001 101
0000101 0000 10
68,1)9(8226 )1195,2011.83,23(24511) 11368
1’11195,19(828(1) 1499 Ρ110160
1000 00 μοομ00οψ0
1000 00 002000 00
. 80,6(8310)* 118 94,9512,15(620) 11211
0000101 0οε0000101
000010 10200001000
112,8(8491) 1502 95,4-19ε13,16-14,10(62ο-1)
111118,’”1(8530) 1502 1125
01,100101 003000 0001
131,6(8591) 1501 95,25.96,2514,19.19(631)
136, 3. 9 (861 e. 8620) 11214
1502 99,15--16,18(6411) 11211,212,34.
10000)0001.100
1000010 9οε0,000101
159,18(8941)11211,22 981918,6(6411) 183
10’0000001 pke 0,000 mm

0000)0001 10,0; 0,00010.

206, 2 8981) 1502 11205,1411

0’000*10
0,00010
000010
219,6(9000)* 1203
000000
11231,5(9136) 1496
000010
000000
1111299,9(9510) 11168
000000
000000
000000
320,19(9640) 1113
000000
Lys. p. 62,188.(2040)11369
63,27(2040) 11263

64 ‚20(2050) 11389, 2911.

64 23(205ο) 11391
Meno p. 123 298 (966)*

1 496
139 20(851) 1491
140,29(8911) 1500
143,25(891) 1500. 504
144,22(901) 1500
145,6(911) 11369

103, 11= 2-4 ,9(69(1) 11212

103, 16= 24 ,12(691) 11212. 213, 39

103,11;1414(111)11111
10411 25,8(6811)11212

1 001000000
’ 0οε 0,00010

110 ‚.3sq= -31 ,.2011 (710) ’
11212

‘ 10οε000000

112,4;-34,11(921) 11212
1010οε0100
(1411111) 1490
116,21= 40,*2(951)) 1488
118,1-- -41,12(95ο) 1499
119‚12= -43,6(9611)* 1489
00 0,00000
120,10- - 44,11(996) 11212
121,1;45,6(9911) 11212
126,10-129,9 = 51,14-52,14
(811-6)* 11204
1005000101
00ος00000
11213
129,8 = 52,15(811)) · 184
129,19ε53,2(810) 11213

 

