1111111161
111 r. nat.
1 9
26
289
443
66611111*
696
803-811*
’ 848
876-877*
897-903
933111.
1067
11 16*

111. 11111111 1010111111. 626

1166, 2611.
11136
11230 .
1171
1166
1144Δ
1169
1171
1169
1169
11136
1171
126

69111.*106.186 1167

188111.
973-977*
1036111.
1087-1089*

1160. 163
1172
1210
1167

111 18-22*.66-71* 1166

78
134
366-368*
388111.
467

· 927
1018111*
1043111*

1003111*
1166*

v 1-3
206
276-278
373-376*
463-466*
608
62611111.
636
606
623-627*
1090
1106-1116*
12601113
1334-1349*

1361, 1011.
1144

1170
11239

1167

1171

1166
1293
1163
11236
1167
1169111.
1166
1168
1210
1163

1120

1167

1163
1141, 2911.
1171

1 161, 6
1172

1167
11224
1167-169
1166
1170111.

1111111111111111*

ν1 132137
138111.
142. 14611111*
166
, , 176-178
262-268*
281-294*

711111111111111 11.

1168
1166
1460
1156
1163
1366
1165
[1611

(memus)
(11111111)
310-312* 1166,38
313 1144
338 11239
366 1171
462 1163
468111* 1162
627-634* 1 169 cf. 167
673-679* 1168.171,34
‘145qu 1172
766-769* 1222
788 1148
883-889* 1162
1037-1041* 1146, 36
1074111. 1146
1110111111
Alex. 121 11182
431* 1271‚10n.
699 1106211,
726 1148
1111 11182
1110611168 vide Tibullus
111111
or. 4,8.6,26 11406
8.3.16 11386
10,6 1193, 3111.
10,11. 13 11386
12,1.64 11406
13,19 11392
11111 1111111.
13, 66 11391
1111 11111
19, 44 11662
30,6.31,3111. 11393
31,11 11390
32, 23 11364
34,6 11406
34,11 13161411.
fr. 1, 1. 2 Th. (in 111116. Soor. apud
11111111.111116111.6121))11382
1,6 (ibid. 612 f. cf. Demetr. de
11οο.ο111111116111111)*11 394
1111111111
sat. 118,7 11642
11113,3 11410611.
v 17,1 11410,611.
18,11 11336
111 1, 42 11244. 2611.
1111,16 11642
111 1111111111, Gr. lat. v p. 626, 21*.
661,36Κ.* 1148
1111111111
1111311112* 160, 39
vl, 1-10* 1388
11117 11228
1·,1 “ 11299, 34
83 11228

 

