111. INDEX Locomm.

1Ρ11419) (Ρ11419)
(Ρ191.)ρ.60,11(3173)* 1411 (Β311111111.11)
3333133311) 1319 ·p. 3931313991) 11339
33333491) 1433 3131313931) 1399
83133403* 1607 v11352‚9(528d) 1606
3333441) 11360 3331313391) 111
9339134111) 119 3331913391» 1491
96,33(3480⁸ 1477 364‚10(535b) 11206
, 93133431) 1393 3331113331) 11914
93113331) 1193311. 3339133111) 1113
1933133311) 1431 3131113331) 1491
1131133111) 1393 1111313913441) 11993
Res publ. 393‚18(562e) 1495
113193113931) 1991 394,1113331*11993
1333133111) 1399 4931113391) 1393
331113411) 11993 49333391) 1393
33133411) 1399 4931333911) 11333
33133431) 1991 4131133311) 1443
33313311) 1191399 4133133311) 11913
1113133311) 1313141. 11 4333131311) 191399
8311067714) 116 434‚3(675d)⁸ 1476
333-1413191-3131) 4331313131) 1393
18 433313316351111)
94,14(3770) 184 1500
111 11333391) 11993 444,9.11133113)1399
113113311) 1913 4331113331) 111
1933139311) 1493911. 4331133911) 1433
19333911* 139 1433339311) 1491
13334911) 11339 4331113931) 11314
1431-143414943-11) 4331113931) 11339
119 41333991) 1413
1433494111) 1399 4133139111) 111 ·
14612(407b) 11376 477,19(6010) 11467
1433149111) 111 493,19131111)*11313,1911,
11113114931) 1493 3931331311) 1493
1339114991) 1143 3139913191) 11339
1831142911) 1113 Soph.p.3,12s.(217d) 1470
1331343911) 11134 ’ 13339931) 1193
1931414341) 1393 1319199311) 1439
1931914331) 11933 13939931) 1439
1331314331) 11933991. 331119331) 1393
1913914431) 141311. 3339331) 1319
99334391) 1493 93139311) 113
9933143311) 1113 331919311) 1499
9331914391* 11433 43319431) 1434
9339343911) 11431 43139431) 1493
9331341911) 11339 33139331) 1493
93334131) 1413 3399193311) 1411
9331314131) 1393 31111133311191) 11393
119131914341) 1399 39411131) 11313
9131414331) 1399 31311141) 1411
9331314331) 11431 31311311) 1131313. 39
9331114331) 113 31311133) 11313
9331314331) 1493 39411131) 113
93334331) 14939111. 3111111) 11391
9331314391) 11333 31111111) 11993
9931914931) 1393 13131341) 11339 .
3931114331) 111 1391113411) 14339311

 

