616 ΙΠ. INDEX LOOORUM.

(8111111111) (2611111111)
(Hippol.) 836111* 1427,1311. 1111111129611111. 1116
899111 1068111. rest. 73 1326
11266 146111. 11610
111111. 1411, 11111 111111· 11111
1338-1341 11 79 Ι 266311. 1382, 1711. 383
8111. 29111. 11241 1 269* 1164
607 11992911. 1 260111. 1382
181 11111 1 111 1111
796 11 17, 711. = 392-400 1402
114, 2311. ² 396sqq. 1382, 1711.
141911. 1 11411
1413 1 1162
1414 11280
1 413 469-461. 467-469
1170 ¹ 1166
1178 1 1111114111· 1111
1111 1 111 11111
1413 ¹ 614 1326
1410 1 643⁸qu 11189‚2n.
181 667 sq.* 11263, 1711.
. 1601066 674111* 11168
1408 736 1162
117 “ 1021 (1022) 1176
816111. 1424 1036-1039* 11 189
836-837* 11441 1 1147111. 11164611.
966-968* 164 1163111. 11168
· 1036 1416,811. 1300 1161
1166 1428 1349 1384
1247111. 1139 1376111. 1117,711.
1333-1336 1408 Ρ110311.36-37.46-4711166
1447-146011448-1461) 79 11992911.
1409 141-144* 1164
1411111111 1111111. 111 1111
1476111. 1100 29811111. 11469
Iph. Taur. 77 1178 303 1202, 1111.
111 1111111 304sqq. 1111
266111. 1423 402111. 1170,2611.

111-1111111 1 41111. 111

369111.617-624 663111. 11263
1163, 1111, ι 34111* 11269
826 11 19 878* 1220
= 842-844 1117 967111. 1170
1128-1131 11223 1 1164 11182
13643111* 11173178 1328 1164
. 36 11266 1 1336-1337 11277,3811.
63 11602, 1811. 1342-1344 11 79
214 137 1368 1164
362111. 138 1491* 11608
362-376*,398111*. 16431111.1722 11601911.
136111. Suppl. 211sq. 11266
616-619 116 396-397* 1164
807 11 7 426-428’ 11 267
1010 11266 440 1161
1068 1 373, 2011. 460-466* 11 163
1076 1384 479. 608 1161
1249311. 1373, 2011. 622 1164
1269 1199, 2911. ¹ 840-842* 11267

 

