111. INDEX LOCORUM.

(0111111111) (0111111110)
(mv) 105-111* 1123600. 11111 1 11218
261, 32. 011366 1111 7 11218
130 11247 20-22 1399
136-142* 11 24601219 11111 2 11218
146000. 1416, 37 6111. 1166
148* 1144 111111 3-6* 11227. 233, 31
149 11641 111111 6* 11264
163 11249 11111111 11217
166 11247 1111111113 11217
164 1363 111111 1 11 218
166 11247 3 11140, 2411.
171-176* 11242 1011 2.4 11217
178111, 1460 1011111111* 1146 of. 419, 1111.
184* 1 119 1011 2 11227
mm 1m9 3 ww
208 11217 10 11219
212-214*Ι 11240 14 11227
216 11 226 0 6 11 217
232 11249 014 1368
234 11 247 6 11 217
238-240* 1297, 34. 301,13. 0111 2. 4 11217
1118601217 011 2 11226
269-277* 11260 01113 11226
314 1 460 011 8 1 98
334-336* 11 240 0111 11 11248
m· ffiQm

.‚ 0111111111
Lm& Ἶῇᾗ, ωρ111111ω111
1 6317* 1148601.
46 11241 6513* 1133ss
ω mmm affl& ww
0* 169 mmmmmmff
1111131* 11249 11467 3411
1111116 11263 145, 17* „421' ⁰

11219 19ορ 11336
1121701248 198,18 1127, 2611,
11218 199, 28*. 202, 26*. 209, 20.

ssss 2Qoewnm
11219

11419 0101101010111

Π 2170f248 in ThOOdOS. can. Ι p. 255, 30*. 164*.
n 251 Ι 168*Η218. 11 175, 3311.
nm 11 mmm

ww mfflwww numm

11251 010110
11219 Brutus 16, 67-69* 163. 90
149-160* 1174 19, 76 11186
162 11210. 224, 18 40, 149 11666
163 1921122418 46,170 11446, 2411.
169 11226 46,172* 1214
1111 7110. 124, 3211. 11218 66, 204 11673
111 lsq. 11232 de 1111011611 6, 19* 1111
11111 leq. 11232 orator 18, 68 11341161.
11111 7111. 132, 37 31, 111 11386
17-22* 1110 cf. 11 248 41, 140 11 140, 2411.
11111111 8 11219 70, 283 11 334
9sq. 11218 de orat. 1 16, 69 11129
1111111 3sq. 11218 22, 104 11436

 

