,1111111111 1060111111. q

(T. Imus) Ι (T. 11111111)

(11111) 45, 8 11523 (xxm) 8, 2* 1464
4641118-10 11522 9,8 , 1460
47,6 1449 10,7 1464
51, 7 11523 10,12 1460

111111 13, 5* 1461, 3311. 12, 2 1464
2212* 1467 13,9 126
27,5 11123 15,2 1151
33, 11. 39, 6* 1455 20, 5 11414
40, 2* 1469 23, 6 1455
40, 5* 1467 40,8 1466
42, 20 1464 41,2 1151
43,1* 1459 41, 6 1462. 1151

1111 6,1.16 1465 43,12 1462
7, 9* 1460 111111 11, 6 125, 2811.
11, 6. 8. 14,6. 8* 1466 11, 12 1464
21,10 1467 21, 7 1460
23, 5 1454 23, 6* 1 453
24, 7* 1462 · 23,9 1462
24, 11 11221 24, 6 1454
27, 2* 1468 26,1 1462
28, 8 1454 32,1-5 1451

124,3211. , 34,6 1464
1462 41,6 11238
, 1462, 1311. 46, 9 1138
30, 7 1217, 2911. 465 1111111 1, 6 128
36, 3 1455 7, 5 1465
38, 1 1465 9, 13* 11190
40, 6. 8 130, 1611. 56, 1 11414
41,6 1454 111111,4 132

1111 3, 1 1 30, 1611. 48, 6 129
7,12 1464 51,4 1463
22,6 1144 1119,7 1137
42, 5. 6. 9* 1452111. 31, 9 1146
44,4 1 351, 1011. 111 16, 2* 127

11111 5, 9 1144 23, 7* 128
34,11 1455 27,5 131
40,8 1454 unm 167

111111 13, 8 1455 9, 3 11150
18,12* 1144 14, 6* 1456
20,10 130,1611. 17, 7 128
28, 12 128 19, 3 1456
29, 2 1456 26, 7* 126
36, 15. 38, 9 1455 26, 9* 130, 1611.

xxxv 5, 2 1301611. 38, 1 1460
10,9 1466 ,. 124
12,16 1455 , 125
23, 8 1 25, 2811. , 1458
24,3 129 , 14621311.
25,6 1464 , , 1464
31,10 1455 , 1448, 449, 1011.
36,16 1463 , 1464
36,7 1464 , 1469
47,1 1460 , 1450
60, 9 125, 2811. . 130,1611. “
50, 10. 11 1451 ι , 1456

1111169 1464 , * 127
7,16 · 11502211. · “, 129

 

