111. INDEX LOOORI'M.

11263

11130171.

1391

1391

11630386.

1391

11636
1380-392
1392-394

13931111.

11627
1162064233
11637,3611.
11639-643

1394

1393

1337

11627
1396-400.
11 447. 643311.

1100,6

11130,1711.

1177,9

1332

1134,111.

1330,30

11641

georg.1 111* 1 387
104-1141* 1331
230 11641
609-614 1347
114111. 11673
111 193111* 1180
480 11641
11221-223 11110
Aen. 1414 1143411.
680-693* 11199
743 11113
1107 11641
77111* 1110
80111. 1130
101-103* 1104
1111,13
13302311.
13061711.

6086330071 11641
003 1178
039-091* 1110
111 69 1143, 411,
09111. 1173
104149 11641
258· 1179
200* 1173
11641

1173

11641
14202011.

(7111101133)
(Aen. 111

223*
277
337111.
388, 620
067111.
003

v 60
197-133*
211·
280-290
238. 290
646-647
772

111 90-32
212-223
283111.
309
339. 3421
469
607
661
724-729
342111.
373

' 111109-111*

270-272“

. 233

303111.
37 2. 677
686489*
036111,
310

vm 11
33-40*
78
110-113*
207
3221111. 367111.
42311111.
090*. 707*

111 204

313

1130
11641
1113Ι
11641
11244, 2611
11041
1179
11430
1179
1106
11641
11303111.
1 180
1219
11494
1100
1460
11641
1367, 1611,
1361, 1011.
1133
11113

1 120, 3
1363, 30
11423

1 110
11641
1334
11041

11 102, 3 .
11630
11641
11241

1 118

1 110
11262

1 160

11 116

11 110

1 170
1304

1 178

337 3394Ι 1303. 11 201, 27

426
640
0444140
364

x 132-137*
333
016
033- 090*
700. 733
383

111 30-33
46
113

1382
11041

1130, 3111.
11641

11 102. 3011,
1141, 2911.
1420, 2611.
11201
11641
1306, 1711,
1131

11247
1306, 1711,

 

