ssffl

(Τ. L1v1us)
xmv 2, 2* 1447. 449, 1011.
9,7 1466. 469
1 467
1466

w
mm
19, 1*
2w
mv
02
28,3
01
m&
00
ww
ww
00
11161*
ms
mo
20, 3*
26,1
04
&ww
39, 4*
Qstwm
02
43, 3*
,11111111 1111011061
11.οο111. 1111011110* 1222
1111113. 161011.8 (Aiax 1111111101)
amm
Lonemus Q. 1. vide Anonymus de
sublimitate

‘Lonous
1v 17,1*
1111111111
Pharna 111
vm 786

Luomms
de Alex. pseudom. 2 (11 72, 26 Bekk.)
11672
0181111101.) 701287,17) 1194
is accus. 29(1114‚37) 1191
01111101. 3(1326,30)* 1186
40327,6)* 1186
mmmtm
τωψψωωω
mwmm*
1186
(1336 37) 1186
24fflw*1m
cm. mmmmm
dial. mer. 2(1467,4) 1983011.
ι(11111. 111011. 1,1(1363,27)* 1 186, 3711.
(1363, 31)* 1 186
mmmm
1186

1461. 464
1 461
1467

1 464
1469
1460
130, 1611.
1 468

1 464

1 30

1 461

1 469
1466

1 460
1461

1 26

1 31
132 Ι
1 463

1 69

11 107

1 467

11666 Ι

11 124
11496, 2011.

, 111. INDEX LOOORUM.

(Lucmws)
QMMQQMQ*
1183
21, 2 (1380, 12)*
1186
22,3(1381,8)*1 186
000000
24,3(1383,6)* 1 184
op. Saturn. 3,34(1436,31)1211
Qffi mmmmmm
16 (1247, 6)* 1183
mwffimn
Hermot. 28(1182‚15) 1217
. 33 (1184,34) 1216
de consor. 1111141 0137,22)*
1mm.
61 (113816) 1217
Iupp. 11. 42 (1 161, 36) 1194
dem.Poregr. 10(1193,29)* 1191
1QOm⁶
(1194, 24) 1194
170196 ,27) 1194
aofflmmm
31,(1199 21) 1482, 611
wmmffim’
nmmwm
nfflmwm
13 (1341, 36) 1427
mmmfflffimm
Nigrin. 6(11300,34)* 1217
Phalar. 1180 49, 26) 1192
philops. 100213, 16) 1194
piscat. 220273, 9)* 1 188
26(1276,6)* 1184
27 (1 276,16)*1 189
00012000

navig.

mmmmm
46(1281, 6)* 1186
(1 282 30) 1190
11610111812407432) 1193
0101116111] 1011419401194
cyth. 10(119 34) 1191
(120 22) 11101611.
somn. 20 3, 29) 11363
symp. 340 238,18)* 1190
Tim, 55(1406‚15) 1290
ver. hist. 1 70143, 2) 11676

11111111. 7026612) 1429,14 ·

mmmm
1 187
90 266, 6)* 1186
10 (1 266,29)*1 186
11 (1266, 36)* 1188
27 (1264, 36) 1194

1111611111
sat. 222 L. (233 11)* 1141
6361101. (71211111.) 1386

 

