111. 11111111 1011031111. 639

(8011131131) (6011161111)

ΕΙ. 11 sqq. 11002 (ΕΙ.) 77811111. 1402, 1211. “
10-22* 11 006 794-799* 11 160111.
20-22* 1201 799 114, 2311.
32-38* 1 207 809-811* 11 260
30-08* 1 207, 30 822. 8762920* 11 160

11 002 904-907* 1 320

1 82 968111* 11 260

1203 967-969* 11 107

1206 980* 11 172. 173, 22. 179

1377,411. 1003-1008* 11109

1 208 1007111* 11 264
82-86* 11606 cf. 1 207 1019111. 1319
107 11182 . 1074-1077* 1444
116* 1168 31262 1111811111. 11493
147-102* 1374 1203 114, 2311.
108-163* 1 202 1222* 1440
189 11182 law-4325* 11613
194111. 1374 1344 114, 2311.
20611111* 11 661 1363 11 168
234 11181 1483-1490*Ι 1321-320
111* 11111111. 011111113-3* 1313
297 11603 11* 1377, 411.
31111. 1 111 11. 111. 1111111113
314111. 114, 2311. 78111. 11649
322111* 11163 98 11 6461311.
111 11111311. 111 11111
337* 1 18 114. 126 11646, 1311.
309-364* 1 200 130 11 209
364* 11 167 204 1323, 2711.
331111. 1311111 1111311111. 11111
379-382* 11 260 316 11280
399 1282, 23 11. 317 11281
413* 114, 2311. 38611111. 1318. 11440
436-438* 11 19111. 18 716 sqq. 11223
446-448 1210 700 1320
469 1296 793 11 136, 811.
470* 11208 1 991-996 1209
113 11111111. 1113-1111 1310
490-498* 11161 1302-1306* 11269
628 11 73 1366 11 164
032 11208 1439 sq. 1323.331,4
13111* 1111 1111 11111311
647111. 1210 1468 121, 711.
671. 6731113 11 246 1602 11 184
681-686ΙΙ 11 4 01111Ῑί111 99111. 11440
111 1111 111 11111111.
696-602* 1326 376111. 11263
610*Ι 11 013, 19 383 -390* 11 268
630 1216 420 1320
ess-695⁸ 1199 11311. 11111131.

’ 696111* 11611 823-827* 1321
697 1 290 830 11162
709 1 376, 36 904 1 320
701* 11 167 1210 11 162
707-760* 1 376. 11 009 cf. 493 1329ΙΙΙ 1304, 2311.

770111* 11613 1429-1431 1167
772-776* 1206 Philoct. 4 1199, 2911.

 

