111. INDEX LOOORUM.

1Ρ111111111)

(Cas. 11) 391225) 11 572
1111141) 1111111111
3431261) 11573
5,9-111317-319)

11574
5,13(321)1(1(1. 11573

6,381390)1(1. 11427 1

0115, 11,54152)* 1127,2511.
3211169) 1423 1

11 1,21204) 11572
2,1-31536-538)*
1427

111,181670) 11573
2,51.691717.735)11574

Cure. 11,81181)’ 11572

111,171232)1(1. 11573
1,351250) 1122

112,201506)1(1(1. 1123
3115331111. 11488
3,11-181543-550)*

11435574
ν 2,14-161612-614)*

11435111.

3,11679)111(1. 1123
3,111688)* 1133

331111112541157) 11414

11 2511235) 158
2102128011. 1144

1112,161352)1(1.* 1116
2,.29(365)1(1(1 1117
4,771514) 1107 1

12141679) 11540 34111
Men. prol. 68(68)1(1. 1114 1
11281104)1(1(1.*1106.
111. 11111
2,14-171123-126)
11422 1
2,34--471143-156[157])
11412-424.426
2,531163)1(1. 1127,2511.
2,60-621173-175)*
11421
2,64(177) 1113
3,31185)111.* 11421
3,251208)1(1(1.* 11421
11 2,71280)* 11574
2231297) 11423, 3511.
2,281302)1(1.* 11423, 3511. ¹
2‚33(307)sq.* 1114 1
1,44-111111-111)·
1113 ’
2,44-471319-322) 1
11435

3501401111. 11435
1111,61451)ι(1.* 1112
2,271492)111. 11416
112,1051668)1(1. 11421

1 111111111111101*

1 Persa v2 ,111111

635

1Ρ11111111)

(Μοιι.)1)1,23-251723-725)
11574
1,501750)* 1105
2341784)

6,29(987) 1133

6,311989)* ’11297,911.
7, 22 25110111014)

11427

11260

1116

9,2211081)* ’
9,48(1107)* 11 423, 3511.
11 398. 411
11 31, 811.

1 384

1,89190)1(111.
11 3321367)
111 1,221520) 11 572
3221583) 11 414
4, 56 1641) 1 38
12,2(843)* 11 260
Mil. gl. 11,19119)* 1129
112,381193)1(1. 1446, 911. “
1111111) 1111111.
3 ,21273) 11 26
3391310) 1129
4, 501404)11* 11 24
5 ,221432)
6 ,351515)1(1.*
6 98 1581)

11331811.
11 24

11 26

11 25

11 573

11 26

11 27

11 26

1132, 1311.

112,1611007)*
2,4211033)*
2,8711079)*
2,9011082)*
3,10(1103)*

33511128) 1128
4,23-3011159-1166)*

1108

6,411219)* ι1129
6,39-4411254-1259)*
1124-29

6,4711262)* 1129

6,5511270)* 1128

84011350) 11573

Most. 1 2,20, 331103. 114)
11332811.
2,37-54[56]1118-136)*
1129-35

1124

1133

11572

1133
11219, 3111.

Ροοη.1)101, 40-42140-42)

1109

64160111. 68188)111.

1573

11 1,101357)*

11411111*
111 1,1471677)
1111111111*

’ 90190) 11225
11311477)111(1. 11572

1111,621565)1(1.* 1116

 

