111. INDEX Locomm.

(0111111111)
11218 111 11218
11224 6 11219
11218 111 4 ³ 11217
11240 ‹ 1111 lsq. 11 226
1 11218 11111. 11217
1111 1-5 110, 5. 11217. 228 13qu 11227.284,1
1 11111 1 111111 11111
111. 11111 ¹ mua 11249
12 11218 5 11217
111 1 11226 11111 1. 5 11217
41q. 1 82, 85 Ι 9-11 1865
6. 10 11218 ἱ 111 8. 17 11217
16 187 ⁴ 111118 11218
21111. 1118 111111 4 11249
11 5111. 11218 1111 1 11218
10 11217 2111. 11219
11 11219 . 5111. 11217
14 11218 1. 8. 7 11218
111148 11216 9 ’11248
10111. 11218 1.1 1111* 11229
14 11216 2 5 11248
1111 1 11247 1 111 1. 4 11 215111.
13.17 11219 111 7 11219
111 2111, 11219 111 1 11216
1111 12-14* 11227,29. 23882. 8 11228
cf 227, 9 4 11 216
18 11249 1111 1-10* 1108 cf. 11215. 218
11111 1 11217 11111 8111. 11226
7 11 218 i 5 11 218
12-14 11227 ἓ 111 passim 11215
15 11218 51 11219
11112111. 11219 114-119* 1428511.
11247 of. 11247
189 11218. 580, 3811.
8. 10 11217 146 11247
111 8 11 247 198 11249
11111 4 11227 ’ 206. 211 11219
111111 14 11218 cf. 11215
xm 1 11216219 . 11218
2.9.10.11sq. 11216 . 11215
28111. 11123,9.218 11249
111 1 11219 < 1428. cf. 98,15
5 11248 11218
8* 1124911219 ’ 580, 8811.
12 1166 . 11245
1111 14· 11225 cf. 11215
11111 12* 11 251 11 220
111111 11216 11247
8 11218 11241,18
17 11217 11247
20 11218 ’ 11248
111111 4 11 225 11219
12 11217 1281, 1511.
14 11218 11247
11111118* 11249 11248
16 11 227 11 219

11218

⁸
1
1
11217. 249 4 ’ 187 11219
4
Ι

 

