600

4101101131 1110111111
(41111) ase-339·
338*
439
:·; 547sqq.⁸'
ὅ 769
Γ 1943

11111111* 1111111011
’33
847)
86911111* 877
933

ιιι 190-193*
366111. 409
696-ψ697*
697
693-639*
948-960*
96611111.
1013*
1197
1999-1996*
1390-1394*
1370111.
1399111.

1v llsq.
818-890, 834

86311111. 930111. 937 sq.
11311. 1111111. 1190

1198*
1969*
1989
1679*
[1689
senon. in
11 98
113
ιιι 697
1013*
4111111111

b.eiv.1114p.841,16M.· 11208,11n. f

4111111111
apolog. 98*
, 1110391118*
1119 ι
1119. 16
18
vm 16
1x 7
x 9
41111111
phaenom. 1-10*
4111111ο111111
fragm. 86 ng.⁴

, 11178

· 116‚8n.

11176,14.177,91

. 11174
11176,17.177,30 J

119,3611.11183,6

ΙΠ. INDEX LOCORUM.

1 4111111111

¹ or. 46'(n p. 377 D.)
, 41111011111111

, 41111111. 40

11178

11178
11999
1431
11189

69
61111.

11909
11176
,11178 ¹
11174 1
11189 1 968396*
11191 370
4 410-446*
476
¹ 638*
641-643
660
679
681 .
688
760111.
864
’ , 898
938

11178
11174
11176
11190
11188

11 189

11 187-199

11 187

11 188

11 187

11 188

1111. 1028

11 993
1079
10901111.

Aves 96*
44
67-60*
179-174*
963
969
971111*
976
364111*
439

’ 460

484*

1 488-498*

618sq.⁸

668

661

679. 686

797

800

813

836

869

946

1004

1030, 1036

11610
11176
11174
11184
11176
11189

11176
11909

11934 Ι
11998

11939 1
11199

11910
11496,1911,
11990, 911.
116

1304 j
11 183, 6

1480

11443
11979,9011.
11437
11977,3811.

. 11437

11973, 1811.

' . 11437

11 443

1981

1440
1974, 1711.
1963

1977 ’

11 614
11449

1 983

11 306

11 443

11 309

11 437

1 979

11 443
11989 ’

1090-1096* 1971131969

1 981

1061-1063* 1979
10681076 11443

1 916

1 19

1440
11986, 1011.
1969, 1411.
11289, 3711.
11 979, 20n.
1 977
11 308

1277
11973, 1611.
11 979, 20n.
11 283
127oof.411
1 411, 1411.
1 974

1 986

1 971
11610
11 169, 911.

1 966

1 193, 3111.
1 1391711.
1988

1477

189

1 988

1168111. 11443

 

