610 111. 1111111 1010111111.

(emanti) (01111110)
(Oa . mai.) 7, 24 11164 (de leg. 1) 16, 44* 11666
111 1111ο 1111· 11111
1111* 11111 1111 1111
1111 11111 111,1’.1,111.·11111
19, 71* 11 201 3, 7 11432
20, 74* 189. 90, 16 . 4, 8* 1114316366
do divin. 1 16, 29 11246 4, 10 11323
26, 66 11334 6,11 11366
64, 123 11 130, 1311. , 6, 14 11364
111111* 11111111 111 11111
1111 11111 ⁴ s, 11 111
26, 67* 1 403 9, 21* 1134 of. 41
38, 80 11 123 16, 38 1149
46, 37 11 113 16, 39 132
72, 160 11362 18, 46 11429
111111.11,1* 1111 1111 11111
3, 3 11409 22, 66 11360
3,10 11410 2267* 1141.11418
4, 11 1 72 23, 68* 1133601419·
6,17 11334 23,69.24,6011419
6,18sq.⁸ 11344cf.339 24, 61 11418
20, 66 11339 26, 62 11416
111,2* 11392 26,63 11418
16, 48 11666 26, 64 11416
11,11*.11,1ο1·11ο 1111 11111111
1112,9 1160,411. , 21671111. 11418
16, 43 11349,1611. 111 9, 19* 1213
lv 12, 30 11143,1811. 10, 24 1172
17, 46 11340 16, 34 1 70
20, 66* 11339-341 denat.d00r.18,20.10,26 11126
21, 68 11339 16, 40 11949
21, 60 11340, 1. 6, 31 20, 64 11108
1111· 11111 1111 11111
1111 1111111. 1111 11311
111111111111111. 1111 11111 ,
. v1,2sq.* 11646 36,100 1173
6, 17 11340 36,101 11123
18,48sq. 11133 , 11124 1113111111,
11, 11· 1111 , 11111111 1110
24, 63’Ἰ 11337. 347 34, 88 11130
28, 84 11334 46, 118 11 127
1111 11111 11111 1111
31191 11111) 11,11111.·111ο.111,11
32, 36 11363 111 6,16 11179, 16
Ηο111111. p. 64 Pl. 1146 14, 37 11 127
1111. 1‚1 11111 11, 1ο 111
111 11311 11, 111-11, 11111
17,62 11340 29, 7lsq. 138
26, 32 11360 29, 72* 183
de leg. 1 1,1 1111111 111111, 11111
1, 3* 11 270 34, 84* 11 336
11 11111 1111 1111
4, 14 11 434, 36 de offic. 1 2, 6* 11612
6,18 172 6,16 11338
6,19 11366 13, 39 1147, 711.
111 11111 1111* 11111
1111 11111 1111 1111

 

